chr	start	end	copy number	status	WilcoxonRankSumTestPvalue	KolmogorovSmirnovPvalue
1	861256	3669297	3	gain	3.22021689421798e-25	0
1	22903008	22920192	5	gain	2.51419167449514e-05	1.53994625877729e-05
1	91728016	93998647	1	loss	5.13137192412466e-38	0
1	94000250	94639963	3	gain	0.0187079843185647	0.00521220514810516
1	160053782	160054636	6	gain	0.00274101016590648	0.00502780157434457
1	173495731	173569394	0	loss	3.35323235010282e-07	2.73996433719503e-06
1	225140347	225552617	1	loss	1.12187528860526e-19	0
2	24468951	24551024	1	loss	4.85910965859711e-10	1.59760416007515e-09
2	120620100	120925123	1	loss	2.95317960635853e-09	1.18532157422635e-08
2	169760964	170336173	3	gain	0.00608046046488586	0.000622319846254604
2	170338704	170936556	1	loss	1.03826290218892e-16	2.2726265314077e-13
2	239016385	242842600	3	gain	8.65064511218966e-18	1.73807634951118e-11
3	361417	114069935	1	loss	0	0
3	114069982	114070570	5	gain	0.0638001050192055	0.14184405496947
3	114070624	141164481	1	loss	0	0
3	141274619	142840333	1	loss	5.06775457293108e-96	0
3	142840412	142840869	4	gain	0.0193140976022728	0.0469708710794954
3	142840877	197765567	1	loss	0	0
4	818198	1987619	3	gain	4.13061380284257e-22	1.52100554373646e-14
4	1987808	2074056	5	gain	3.32716449876823e-07	8.38646317946612e-08
4	2074638	10023066	3	gain	7.16847340376501e-16	2.674527266322e-13
4	56319197	56885726	1	loss	1.33599196490282e-14	1.38666855775682e-13
5	140393	1064099	3	gain	4.08414425800744e-05	0.000174171561148073
5	1064161	1073932	7	gain	0.00415156352561929	0.0107109499666015
5	1074631	1318609	3	gain	1.04470310586772e-10	3.31790186436365e-08
5	33576409	34687896	3	gain	4.56476537362711e-07	0.000120108615494496
5	36995697	37046302	1	loss	1.40585315766475e-09	1.04662154498669e-08
5	134191159	134195366	1	loss	0.000283418688503909	8.23936320512031e-05
5	134210066	137089103	3	gain	0.000155953711375766	0.00155740220175105
5	137089121	137354039	1	loss	3.38499308713763e-07	4.62716893911974e-07
5	140166918	140230487	3	gain	4.48019679068431e-09	4.21962464969283e-12
5	140230504	140233124	1	loss	1.05511625752053e-05	9.10844049073489e-06
5	140233164	140475521	3	gain	0.00235057331616584	0.010626284330773
5	162890812	162917573	1	loss	3.26866632081991e-05	0.000241532999837757
5	176306694	176308233	6	gain	0.0144785808406339	0.0370717898744781
6	38691066	38854812	1	loss	2.0733246753994e-10	4.01962907403686e-10
6	86203508	86282099	1	loss	1.3021505949662e-08	7.53231621519745e-09
6	110146243	110301168	5	gain	0.00184053071163813	0.0107134823345777
6	119522375	122743890	1	loss	3.52620175851808e-09	4.57450077817612e-10
7	195537	5545261	3	gain	1.01147864364518e-20	1.0325074129014e-13
7	76883810	76908438	1	loss	5.76891457664255e-05	0.000346650388422298
8	16927111	17042391	0	loss	6.59389668784661e-05	0.00029102549148452
8	39128323	39682454	1	loss	9.14821243247624e-09	1.41666889330594e-09
8	39691390	42196644	3	gain	0.000944336706119929	0.00612367695390026
8	74650431	75149582	1	loss	5.65345801770745e-07	5.43328115398811e-06
8	86021783	86115526	0	loss	2.24266230397044e-10	3.14440029569596e-10
8	95738519	95866178	1	loss	9.81326851713387e-09	2.37102511069232e-07
8	100990097	101226184	1	loss	6.48971197005555e-11	5.90171467251821e-10
8	142228482	142458212	3	gain	6.57635139976134e-08	7.43405906278305e-07
9	17226147	17761551	1	loss	4.8955466359833e-06	5.00699572136831e-07
9	17786337	19050856	3	gain	0.00163111634530102	0.00248004497680943
9	19063459	19096774	0	loss	5.84038049569999e-05	5.81273347638467e-05
9	26995477	27060675	1	loss	1.40826813444049e-07	3.90203478417561e-08
9	71606008	71789405	4	gain	5.12899276288199e-07	7.56048803784992e-07
9	72840612	72959218	1	loss	2.822730945279e-06	1.92474404554499e-05
9	79814851	79975590	1	loss	6.29944835383573e-10	7.62808594068076e-09
9	88207428	88622409	1	loss	4.84931917241203e-07	7.93830970835518e-06
9	114411706	114553750	1	loss	3.8877780248823e-07	1.72942883902572e-06
9	116811702	123171593	3	gain	7.78237158208043e-09	2.77968044137822e-08
9	124046910	124976694	3	gain	0.000450816417066016	0.00502599370902956
9	129377795	129455612	6	gain	0.0148843687092832	0.0382761629642606
9	138675819	139569312	3	gain	2.93445884419374e-14	2.10098161090855e-10
9	140218139	140327565	3	gain	1.04481290574833e-05	8.12708498093562e-05
10	32742257	33165359	0	loss	7.83704723629311e-13	3.7025937871249e-13
10	91465005	91532608	1	loss	1.5594331578691e-09	2.94302139325353e-08
10	96826947	97626175	3	gain	0.00188948703292213	0.036368435964847
10	97681707	97779601	1	loss	4.91393257704498e-07	3.5031907461569e-06
10	128850898	135379067	3	gain	4.4807210691315e-13	5.03676819141319e-08
11	180187	824123	1	loss	2.96462750804616e-106	0
11	828607	1023686	1	loss	1.21861903123847e-25	0
11	1023900	1027402	3	gain	0.319123079490279	0.778797745476928
11	1027411	9225685	1	loss	0	0
11	9307950	31816364	1	loss	0	0
11	31822227	31828016	0	loss	2.91105412998828e-05	1.75354196735311e-05
11	32122028	55340533	1	loss	0	0
11	55370907	55419347	0	loss	1.46366974157684e-06	3.51922433194929e-07
11	55432631	68133186	1	loss	0	0
11	68192553	134257592	1	loss	0	0
12	247392	4627449	3	gain	2.30367712125086e-10	8.9733990238372e-09
12	4627893	4662248	1	loss	3.25524108787657e-05	0.000112525741601588
12	20968615	21639536	1	loss	2.62065701920303e-18	2.33146835171283e-15
12	46322557	46633619	1	loss	8.39741099510547e-06	3.65729178692931e-05
12	123297788	123380630	3	gain	0.0176438867625566	0.0328750585380654
12	124268456	132547286	3	gain	8.65690126809936e-10	3.86332372115383e-06
13	96438152	96648414	1	loss	2.93811456530067e-12	3.01759728316142e-11
14	52923760	53235670	1	loss	9.30755222194718e-13	8.04911692853238e-14
14	96924473	97342495	1	loss	3.09686782796238e-06	3.31086554137272e-05
14	104569853	104571812	5	gain	0.00012349718737351	0.000102724613449956
14	104573086	104639871	3	gain	0.0250424678018295	0.0519734614876178
15	44581480	44811518	1	loss	1.04556750258383e-07	7.52239465828808e-07
15	50875235	51207804	1	loss	3.4868207613257e-14	3.10776959722148e-11
15	56665584	56985444	1	loss	4.07092150948446e-08	5.13112506927982e-08
15	62212474	62336467	1	loss	7.47164606285011e-11	5.11679587589242e-11
15	62352427	63354526	3	gain	1.7837659728145e-06	1.51432165159671e-05
15	72499022	102359168	1	loss	0	0
16	97383	2578054	3	gain	2.38661778124908e-34	0
16	3254376	5078215	3	gain	9.42305968233744e-11	2.32444315795277e-07
16	66785357	66857238	1	loss	7.08902712578794e-07	3.2572328589886e-07
16	75498349	75564237	5	gain	0.000137700522809555	0.000130446941572715
16	87636713	87678664	6	gain	0.000569669155305285	0.000743681662861984
17	29161117	29221943	1	loss	3.49967037413022e-11	9.39470723437807e-13
17	48585869	67081895	4	gain	0	0
17	67309191	81052281	4	gain	0	0
18	2666106	2777939	1	loss	1.9026376257775e-09	1.68940528233463e-10
18	9104868	9195722	1	loss	0.000140859098570244	7.27095789168075e-05
18	11880940	12326013	3	gain	7.31673321585673e-05	0.000869276558753684
18	14754846	18650587	1	loss	3.2939781132469e-09	2.86308280417202e-08
18	18690726	19098209	3	gain	0.00281121348813407	0.00745433761092107
18	59741935	59894718	1	loss	7.78964522621436e-08	1.32671179420285e-06
18	67993165	67997213	1	loss	3.37745591519976e-05	9.6829414640176e-05
18	73001611	73130888	1	loss	0.00409235463452621	0.00718421366730793
18	77193537	77960831	3	gain	0.0026153624348647	0.0180476064804087
19	7615142	7616021	6	gain	0.0144942549382714	0.037118992324254
19	51021397	51022287	6	gain	0.0146717945131079	0.0377061855648809
19	54627861	54632739	4	gain	0.000699358097537379	0.000702445325285295
19	57133136	57133676	7	gain	0.00278717804655401	0.00523532367160107
20	58420185	58495573	0	loss	1.27439014548868e-10	3.20687920662976e-11
20	60882614	60937622	3	gain	1.23039151303448e-12	1.0029366226405e-10
21	10862558	38461226	1	loss	0	0
21	38467596	38564535	0	loss	4.3819238461235e-16	0
21	38567928	48084295	1	loss	0	0
22	17072700	20759915	3	gain	8.05391449543959e-10	2.17783411193828e-07
22	20759975	20760794	5	gain	0.00279680075615526	0.00511531409260657
22	46931487	50719654	3	gain	9.53872156488355e-16	1.27896582213793e-11
22	50719752	50720174	7	gain	0.0143902688003625	0.0368365642373516
X	13727659	13774880	1	loss	1.02889199550052e-06	2.42805271144508e-06
X	30326464	30327186	5	gain	0.0027700338981532	0.00510091440121907
X	46433690	75648604	3	gain	8.98006466536827e-48	0
X	75648635	75649457	6	gain	0.00275523693132349	0.00504284909925634
X	122754970	123234501	1	loss	1.41908495233686e-11	5.82026260520507e-09
